100	5	5	5	0	3000	1000	false	false	4a88f4 	 replication 0 	44	146,99999999999594	756	20	16
100	5	5	5	0	3000	1000	false	false	4a88f4 	 replication 1 	50	129,59999999999692	589	14	11
100	5	5	5	0	3000	1000	false	false	4a88f4 	 replication 2 	22	115,6999999999977	453	6	4
100	5	5	5	0	3000	1000	false	false	4a88f4 	 replication 3 	66	116,79999999999764	491	4	4
100	5	5	5	0	3000	1000	false	false	4a88f4 	 replication 4 	68	125,89999999999712	517	8	4
100	5	5	5	0	3000	1000	false	false	4a88f4 	 replication 5 	33	139,99999999999633	625	7	7
100	5	5	5	0	3000	1000	false	false	4a88f4 	 replication 6 	11	175,7999999999943	626	12	12
100	5	5	5	0	3000	1000	false	false	4a88f4 	 replication 7 	99	139,39999999999637	694	12	8
100	5	5	5	0	3000	1000	false	false	4a88f4 	 replication 8 	88	145,29999999999603	745	16	10
100	5	5	5	0	3000	1000	false	false	4a88f4 	 replication 9 	98	138,8999999999964	686	14	12
100	5	5	5	0	3000	1000	false	false	4a88f4 	 replication 10 	75	116,39999999999766	485	10	1
