50	5	5	10	0	3000	1000	true	false	1abe751 	 replication 0 	44	120,29999999999744	599	8	3
50	5	5	10	0	3000	1000	true	false	1abe751 	 replication 1 	50	129,69999999999692	690	8	4
50	5	5	10	0	3000	1000	true	false	1abe751 	 replication 2 	22	135,89999999999657	754	2	1
50	5	5	10	0	3000	1000	true	false	1abe751 	 replication 3 	66	128,499999999997	682	10	4
50	5	5	10	0	3000	1000	true	false	1abe751 	 replication 4 	68	127,69999999999702	608	7	2
50	5	5	10	0	3000	1000	true	false	1abe751 	 replication 5 	33	124,19999999999722	711	3	3
50	5	5	10	0	3000	1000	true	false	1abe751 	 replication 6 	11	121,99999999999734	704	1	1
50	5	5	10	0	3000	1000	true	false	1abe751 	 replication 7 	99	134,19999999999666	904	8	6
50	5	5	10	0	3000	1000	true	false	1abe751 	 replication 8 	88	125,49999999999714	668	3	2
50	5	5	10	0	3000	1000	true	false	1abe751 	 replication 9 	98	118,49999999999754	547	6	3
50	5	5	10	0	3000	1000	true	false	1abe751 	 replication 10 	75	125,29999999999715	690	4	3

