50	10	10	10	0	3000	1000	false	false	147cab0 	 replication 0 	44	97,69999999999872	519	8	1
50	10	10	10	0	3000	1000	false	false	147cab0 	 replication 1 	50	93,59999999999896	523	8	0
50	10	10	10	0	3000	1000	false	false	147cab0 	 replication 2 	22	92,59999999999901	469	1	0
50	10	10	10	0	3000	1000	false	false	147cab0 	 replication 3 	66	98,1999999999987	554	4	0
50	10	10	10	0	3000	1000	false	false	147cab0 	 replication 4 	68	94,4999999999989	523	7	2
50	10	10	10	0	3000	1000	false	false	147cab0 	 replication 5 	33	94,4999999999989	517	6	0
50	10	10	10	0	3000	1000	false	false	147cab0 	 replication 6 	11	96,3999999999988	545	3	0
50	10	10	10	0	3000	1000	false	false	147cab0 	 replication 7 	99	116,79999999999764	935	6	0
50	10	10	10	0	3000	1000	false	false	147cab0 	 replication 8 	88	99,69999999999861	498	5	0
50	10	10	10	0	3000	1000	false	false	147cab0 	 replication 9 	98	104,09999999999836	527	7	1
50	10	10	10	0	3000	1000	false	false	147cab0 	 replication 10 	75	98,69999999999867	493	2	0