50	5	5	5	0	3000	1000	true	false	1a8cf03 	 replication 0 	44	144,69999999999607	627	10	4
50	5	5	5	0	3000	1000	true	false	1a8cf03 	 replication 1 	50	124,3999999999972	495	5	4
50	5	5	5	0	3000	1000	true	false	1a8cf03 	 replication 2 	22	131,9999999999968	507	1	1
50	5	5	5	0	3000	1000	true	false	1a8cf03 	 replication 3 	66	133,29999999999671	504	6	4
50	5	5	5	0	3000	1000	true	false	1a8cf03 	 replication 4 	68	128,59999999999698	505	7	2
50	5	5	5	0	3000	1000	true	false	1a8cf03 	 replication 5 	33	130,1999999999969	515	3	3
50	5	5	5	0	3000	1000	true	false	1a8cf03 	 replication 6 	11	128,89999999999696	456	3	1
50	5	5	5	0	3000	1000	true	false	1a8cf03 	 replication 7 	99	152,59999999999562	671	9	6
50	5	5	5	0	3000	1000	true	false	1a8cf03 	 replication 8 	88	137,0999999999965	578	8	3
50	5	5	5	0	3000	1000	true	false	1a8cf03 	 replication 9 	98	133,4999999999967	491	6	5	10
