100	10	10	5	0	3000	1000	false	false	86b0f9 	 replication 0 	44	132,39999999999677	1069	20	3
100	10	10	5	0	3000	1000	false	false	86b0f9 	 replication 1 	50	114,79999999999775	573	11	0
100	10	10	5	0	3000	1000	false	false	86b0f9 	 replication 2 	22	99,09999999999864	435	7	0
100	10	10	5	0	3000	1000	false	false	86b0f9 	 replication 3 	66	113,39999999999783	700	13	3
100	10	10	5	0	3000	1000	false	false	86b0f9 	 replication 4 	68	118,69999999999753	717	15	1
100	10	10	5	0	3000	1000	false	false	86b0f9 	 replication 5 	33	112,2999999999979	589	9	4
100	10	10	5	0	3000	1000	false	false	86b0f9 	 replication 6 	11	118,69999999999753	651	14	1
100	10	10	5	0	3000	1000	false	false	86b0f9 	 replication 7 	99	113,39999999999783	643	9	0
100	10	10	5	0	3000	1000	false	false	86b0f9 	 replication 8 	88	103,59999999999839	424	6	0
100	10	10	5	0	3000	1000	false	false	86b0f9 	 replication 9 	98	113,59999999999782	670	12	1
100	10	10	5	0	3000	1000	false	false	86b0f9 	 replication 10 	75	130,69999999999686	694	15	10

