50	10	10	10	0	3000	1000	false	true	138ecb8 	 replication 0 	44	191,99999999999338	1925	8	5
50	10	10	10	0	3000	1000	false	true	138ecb8 	 replication 1 	50	191,6999999999934	1911	8	5
50	10	10	10	0	3000	1000	false	true	138ecb8 	 replication 2 	22	99,9999999999986	487	2	1
50	10	10	10	0	3000	1000	false	true	138ecb8 	 replication 3 	66	99,09999999999864	558	0	0
50	10	10	10	0	3000	1000	false	true	138ecb8 	 replication 4 	68	163,89999999999498	1463	7	4
50	10	10	10	0	3000	1000	false	true	138ecb8 	 replication 5 	33	156,5999999999954	1474	6	3
50	10	10	10	0	3000	1000	false	true	138ecb8 	 replication 6 	11	100,99999999999854	545	1	0
50	10	10	10	0	3000	1000	false	true	138ecb8 	 replication 7 	99	128,69999999999698	1003	4	1
50	10	10	10	0	3000	1000	false	true	138ecb8 	 replication 8 	88	98,1999999999987	513	1	0
50	10	10	10	0	3000	1000	false	true	138ecb8 	 replication 9 	98	126,49999999999709	863	4	1
50	10	10	10	0	3000	1000	false	true	138ecb8 	 replication 10 	75	128,79999999999697	927	4	1
