100	10	10	10	0	3000	1000	false	true	e817ef 	 replication 0 	44	202,59999999999278	2094	21	16
100	10	10	10	0	3000	1000	false	true	e817ef 	 replication 1 	50	201,59999999999283	2041	19	10
100	10	10	10	0	3000	1000	false	true	e817ef 	 replication 2 	22	176,89999999999424	1577	7	4
100	10	10	10	0	3000	1000	false	true	e817ef 	 replication 3 	66	194,39999999999324	1903	13	9
100	10	10	10	0	3000	1000	false	true	e817ef 	 replication 4 	68	179,4999999999941	1546	15	9
100	10	10	10	0	3000	1000	false	true	e817ef 	 replication 5 	33	208,69999999999243	2024	9	6
100	10	10	10	0	3000	1000	false	true	e817ef 	 replication 6 	11	197,89999999999304	1792	14	10
100	10	10	10	0	3000	1000	false	true	e817ef 	 replication 7 	99	214,79999999999208	2023	9	5
100	10	10	10	0	3000	1000	false	true	e817ef 	 replication 8 	88	196,7999999999931	1743	8	5
100	10	10	10	0	3000	1000	false	true	e817ef 	 replication 9 	98	193,89999999999327	1770	12	8
100	10	10	10	0	3000	1000	false	true	e817ef 	 replication 10 	75	226,5999999999914	2209	15	9
