100	5	5	10	0	3000	1000	false	true	7d33fc 	 replication 0 	44	190,19999999999348	1106	11	9
100	5	5	10	0	3000	1000	false	true	7d33fc 	 replication 1 	50	192,99999999999332	1180	14	11
100	5	5	10	0	3000	1000	false	true	7d33fc 	 replication 2 	22	183,89999999999384	1013	7	7
100	5	5	10	0	3000	1000	false	true	7d33fc 	 replication 3 	66	129,59999999999692	625	4	4
100	5	5	10	0	3000	1000	false	true	7d33fc 	 replication 4 	68	217,29999999999194	1404	18	15
100	5	5	10	0	3000	1000	false	true	7d33fc 	 replication 5 	33	192,59999999999334	1082	9	6
100	5	5	10	0	3000	1000	false	true	7d33fc 	 replication 6 	11	182,5999999999939	1043	8	5
100	5	5	10	0	3000	1000	false	true	7d33fc 	 replication 7 	99	144,69999999999607	740	4	4
100	5	5	10	0	3000	1000	false	true	7d33fc 	 replication 8 	88	165,79999999999487	922	6	3
100	5	5	10	0	3000	1000	false	true	7d33fc 	 replication 9 	98	180,59999999999403	1066	12	11
100	5	5	10	0	3000	1000	false	true	966db5 	 replication 10 	75	211,69999999999226	1370	15	10

