100	10	10	10	0	3000	1000	true	false	24dc2 	 replication 0 	44	116,59999999999765	731	20	3
100	10	10	10	0	3000	1000	true	false	24dc2 	 replication 1 	50	133,09999999999673	614	19	4
100	10	10	10	0	3000	1000	true	false	24dc2 	 replication 2 	22	94,4999999999989	496	4	0
100	10	10	10	0	3000	1000	true	false	24dc2 	 replication 3 	66	97,29999999999875	560	4	0
100	10	10	10	0	3000	1000	true	false	24dc2 	 replication 4 	68	100,49999999999856	577	15	1
100	10	10	10	0	3000	1000	true	false	24dc2 	 replication 5 	33	96,09999999999881	497	4	0
100	10	10	10	0	3000	1000	true	false	24dc2 	 replication 6 	11	137,0999999999965	551	14	1
100	10	10	10	0	3000	1000	true	false	24dc2 	 replication 7 	99	92,39999999999903	460	4	0
100	10	10	10	0	3000	1000	true	false	24dc2 	 replication 8 	88	101,29999999999852	533	8	0
100	10	10	10	0	3000	1000	true	false	24dc2 	 replication 9 	98	98,89999999999866	534	12	1
100	10	10	10	0	3000	1000	true	false	24dc2 	 replication 10 	75	105,69999999999827	506	10	0
