50	5	5	10	0	3000	1000	true	true	10fd9d0 	 replication 0 	44	166,7999999999948	998	8	3
50	5	5	10	0	3000	1000	true	true	10fd9d0 	 replication 1 	50	165,99999999999486	899	8	8
50	5	5	10	0	3000	1000	true	true	10fd9d0 	 replication 2 	22	143,49999999999613	815	2	1
50	5	5	10	0	3000	1000	true	true	10fd9d0 	 replication 3 	66	168,6999999999947	913	8	4
50	5	5	10	0	3000	1000	true	true	10fd9d0 	 replication 4 	68	165,69999999999487	952	7	2
50	5	5	10	0	3000	1000	true	true	10fd9d0 	 replication 5 	33	161,19999999999513	937	9	8
50	5	5	10	0	3000	1000	true	true	10fd9d0 	 replication 6 	11	141,89999999999623	761	1	1
50	5	5	10	0	3000	1000	true	true	10fd9d0 	 replication 7 	99	152,8999999999956	811	8	5
50	5	5	10	0	3000	1000	true	true	10fd9d0 	 replication 8 	88	176,49999999999426	988	6	4
50	5	5	10	0	3000	1000	true	true	10fd9d0 	 replication 9 	98	188,89999999999355	1039	8	7
50	5	5	10	0	3000	1000	true	true	10fd9d0 	 replication 10 	75	164,69999999999493	925	7