50	5	5	5	0	3000	1000	false	false	184bc9b 	 replication 0 	44	126,79999999999707	495	8	3
50	5	5	5	0	3000	1000	false	false	184bc9b 	 replication 1 	50	144,99999999999605	609	8	5
50	5	5	5	0	3000	1000	false	false	184bc9b 	 replication 2 	22	126,1999999999971	469	2	1
50	5	5	5	0	3000	1000	false	false	184bc9b 	 replication 3 	66	127,79999999999701	443	6	2
50	5	5	5	0	3000	1000	false	false	184bc9b 	 replication 4 	68	149,79999999999578	581	7	2
50	5	5	5	0	3000	1000	false	false	184bc9b 	 replication 5 	33	130,29999999999688	510	6	3
50	5	5	5	0	3000	1000	false	false	184bc9b 	 replication 6 	11	129,29999999999694	544	7	1
50	5	5	5	0	3000	1000	false	false	184bc9b 	 replication 7 	99	123,69999999999725	493	4	3
50	5	5	5	0	3000	1000	false	false	184bc9b 	 replication 8 	88	127,29999999999704	514	7	3
50	5	5	5	0	3000	1000	false	false	184bc9b 	 replication 9 	98	127,59999999999702	564	6	5
50	5	5	5	0	3000	1000	false	false	184bc9b 	 replication 10 	75	134,79999999999663	629	7	3