100	10	10	10	0	3000	1000	false	false	10a5cca 	 replication 0 	44	114,19999999999779	903	20	2
100	10	10	10	0	3000	1000	false	false	10a5cca 	 replication 1 	50	116,29999999999767	693	19	1
100	10	10	10	0	3000	1000	false	false	10a5cca 	 replication 2 	22	97,29999999999875	498	4	0
100	10	10	10	0	3000	1000	false	false	10a5cca 	 replication 3 	66	93,39999999999897	481	4	0
100	10	10	10	0	3000	1000	false	false	10a5cca 	 replication 4 	68	110,69999999999798	651	15	5
100	10	10	10	0	3000	1000	false	false	10a5cca 	 replication 5 	33	114,29999999999778	597	13	2
100	10	10	10	0	3000	1000	false	false	10a5cca 	 replication 6 	11	113,09999999999785	732	14	1
100	10	10	10	0	3000	1000	false	false	10a5cca 	 replication 7 	99	101,5999999999985	519	9	0
100	10	10	10	0	3000	1000	false	false	10a5cca 	 replication 8 	88	98,1999999999987	520	6	0
100	10	10	10	0	3000	1000	false	false	10a5cca 	 replication 9 	98	104,79999999999832	563	12	1
100	10	10	10	0	3000	1000	false	false	10a5cca 	 replication 10 	75	119,59999999999748	777	15	0
