100	5	5	10	0	3000	1000	false	false	9f0329 	 replication 0 	44	129,8999999999969	660	12	7
100	5	5	10	0	3000	1000	false	false	9f0329 	 replication 1 	50	136,39999999999654	714	21	11
100	5	5	10	0	3000	1000	false	false	9f0329 	 replication 2 	22	123,59999999999725	662	7	4
100	5	5	10	0	3000	1000	false	false	9f0329 	 replication 3 	66	122,49999999999731	634	4	4
100	5	5	10	0	3000	1000	false	false	9f0329 	 replication 4 	68	144,69999999999607	642	15	5
100	5	5	10	0	3000	1000	false	false	9f0329 	 replication 5 	33	126,99999999999706	665	9	6
100	5	5	10	0	3000	1000	false	false	9f0329 	 replication 6 	11	130,1999999999969	686	18	9
100	5	5	10	0	3000	1000	false	false	9f0329 	 replication 7 	99	120,59999999999742	531	9	4
100	5	5	10	0	3000	1000	false	false	9f0329 	 replication 8 	88	126,2999999999971	606	6	2
100	5	5	10	0	3000	1000	false	false	9f0329 	 replication 9 	98	127,79999999999701	696	12	5
100	5	5	10	0	3000	1000	false	false	9f0329 	 replication 10 	75	142,5999999999962	771	19	15
