50	5	5	5	0	3000	1000	false	true	20699a 	 replication 0 	44	155,89999999999543	684	8	5
50	5	5	5	0	3000	1000	false	true	20699a 	 replication 1 	50	149,89999999999577	657	8	7
50	5	5	5	0	3000	1000	false	true	20699a 	 replication 2 	22	139,49999999999636	501	2	2
50	5	5	5	0	3000	1000	false	true	20699a 	 replication 3 	66	144,59999999999607	565	6	5
50	5	5	5	0	3000	1000	false	true	20699a 	 replication 4 	68	119,2999999999975	407	2	2
50	5	5	5	0	3000	1000	false	true	20699a 	 replication 5 	33	128,89999999999696	463	4	3
50	5	5	5	0	3000	1000	false	true	20699a 	 replication 6 	11	155,49999999999545	622	7	3
50	5	5	5	0	3000	1000	false	true	20699a 	 replication 7 	99	147,5999999999959	576	6	4
50	5	5	5	0	3000	1000	false	true	20699a 	 replication 8 	88	130,99999999999685	505	7	5
50	5	5	5	0	3000	1000	false	true	20699a 	 replication 9 	98	131,5999999999968	462	6	3
50	5	5	5	0	3000	1000	false	true	20699a 	 replication 10 	75	154,6999999999955	525	8	7
