50	5	5	10	0	3000	1000	false	false	11486c5 	 replication 0 	44	130,69999999999686	760	8	3
50	5	5	10	0	3000	1000	false	false	11486c5 	 replication 1 	50	114,89999999999775	615	5	4
50	5	5	10	0	3000	1000	false	false	11486c5 	 replication 2 	22	118,59999999999754	627	1	1
50	5	5	10	0	3000	1000	false	false	11486c5 	 replication 3 	66	131,49999999999682	764	10	6
50	5	5	10	0	3000	1000	false	false	11486c5 	 replication 4 	68	125,99999999999712	630	8	4
50	5	5	10	0	3000	1000	false	false	11486c5 	 replication 5 	33	119,39999999999749	670	6	3
50	5	5	10	0	3000	1000	false	false	11486c5 	 replication 6 	11	122,29999999999733	712	3	1
50	5	5	10	0	3000	1000	false	false	11486c5 	 replication 7 	99	121,29999999999738	796	6	6
50	5	5	10	0	3000	1000	false	false	11486c5 	 replication 8 	88	123,19999999999727	666	1	0
50	5	5	10	0	3000	1000	false	false	11486c5 	 replication 9 	98	120,39999999999743	638	4	2
50	5	5	10	0	3000	1000	false	false	11486c5 	 replication 10 	75	124,19999999999722	641	4	1
