100	10	10	10	0	3000	1000	true	true	33cf4d 	 replication 0 	44	161,39999999999512	1135	20	10
100	10	10	10	0	3000	1000	true	true	33cf4d 	 replication 1 	50	166,29999999999484	1192	19	8
100	10	10	10	0	3000	1000	true	true	33cf4d 	 replication 2 	22	126,79999999999707	765	7	2
100	10	10	10	0	3000	1000	true	true	33cf4d 	 replication 3 	66	118,59999999999754	727	5	1
100	10	10	10	0	3000	1000	true	true	33cf4d 	 replication 4 	68	153,69999999999555	1066	15	9
100	10	10	10	0	3000	1000	true	true	33cf4d 	 replication 5 	33	126,39999999999709	777	9	2
100	10	10	10	0	3000	1000	true	true	33cf4d 	 replication 6 	11	155,59999999999545	1070	14	8
100	10	10	10	0	3000	1000	true	true	33cf4d 	 replication 7 	99	147,6999999999959	988	16	6
100	10	10	10	0	3000	1000	true	true	33cf4d 	 replication 8 	88	115,7999999999977	666	6	0
100	10	10	10	0	3000	1000	true	true	33cf4d 	 replication 9 	98	134,59999999999664	887	12	3
100	10	10	10	0	3000	1000	true	true	33cf4d 	 replication 10 	75	130,1999999999969	776	10	1