50	5	5	5	0	3000	1000	true	true	f70dbb 	 replication 0 	44	169,09999999999468	753	8	4
50	5	5	5	0	3000	1000	true	true	f70dbb 	 replication 1 	50	173,9999999999944	788	8	4
50	5	5	5	0	3000	1000	true	true	f70dbb 	 replication 2 	22	137,89999999999645	551	1	1
50	5	5	5	0	3000	1000	true	true	f70dbb 	 replication 3 	66	202,2999999999928	955	10	5
50	5	5	5	0	3000	1000	true	true	f70dbb 	 replication 4 	68	161,99999999999508	710	5	2
50	5	5	5	0	3000	1000	true	true	f70dbb 	 replication 5 	33	140,4999999999963	557	6	2
50	5	5	5	0	3000	1000	true	true	f70dbb 	 replication 6 	11	179,2999999999941	733	9	6
50	5	5	5	0	3000	1000	true	true	f70dbb 	 replication 7 	99	204,79999999999265	988	9	6
50	5	5	5	0	3000	1000	true	true	f70dbb 	 replication 8 	88	189,19999999999354	876	10	3
50	5	5	5	0	3000	1000	true	true	f70dbb 	 replication 9 	98	202,1999999999928	931	9	7
50	5	5	5	0	3000	1000	true	true	f70dbb 	 replication 10		75	159,09999999999525	687	7	5
