100	5	5	10	0	3000	1000	true	true	19a8c38 	 replication 0 	44	210,59999999999232	1358	20	15
100	5	5	10	0	3000	1000	true	true	19a8c38 	 replication 1 	50	226,49999999999142	1361	21	17
100	5	5	10	0	3000	1000	true	true	19a8c38 	 replication 2 	22	167,29999999999478	959	7	4
100	5	5	10	0	3000	1000	true	true	19a8c38 	 replication 3 	66	191,89999999999338	1188	13	7
100	5	5	10	0	3000	1000	true	true	19a8c38 	 replication 4 	68	159,29999999999524	586	5	4
100	5	5	10	0	3000	1000	true	true	19a8c38 	 replication 5 	33	180,999999999994	1014	13	7
100	5	5	10	0	3000	1000	true	true	19a8c38 	 replication 6 	11	279,89999999999515	930	20	15
100	5	5	10	0	3000	1000	true	true	19a8c38 	 replication 7 	99	193,99999999999326	1202	16	11
100	5	5	10	0	3000	1000	true	true	19a8c38 	 replication 8 	88	222,29999999999166	1437	16	12
100	5	5	10	0	3000	1000	true	true	19a8c38 	 replication 9 	98	192,99999999999332	1236	12	10
100	5	5	10	0	3000	1000	true	true	19a8c38 	 replication 10 	75	220,09999999999178	1258	19	14
