100	5	5	5	0	3000	1000	false	true	34ed72 	 replication 0 	44	284,8999999999963	1713	24	21
100	5	5	5	0	3000	1000	false	true	34ed72 	 replication 1 	50	258,79999999999035	1392	19	15
100	5	5	5	0	3000	1000	false	true	34ed72 	 replication 2 	22	150,8999999999957	703	8	4
100	5	5	5	0	3000	1000	false	true	34ed72 	 replication 3 	66	134,29999999999666	573	4	4
100	5	5	5	0	3000	1000	false	true	34ed72 	 replication 4 	68	207,3999999999925	1218	15	12
100	5	5	5	0	3000	1000	false	true	34ed72 	 replication 5 	33	190,79999999999345	1071	13	9
100	5	5	5	0	3000	1000	false	true	34ed72 	 replication 6 	11	148,19999999999587	709	9	6
100	5	5	5	0	3000	1000	false	true	34ed72 	 replication 7 	99	214,09999999999212	1185	16	14
100	5	5	5	0	3000	1000	false	true	34ed72 	 replication 8 	88	180,59999999999403	962	12	8
100	5	5	5	0	3000	1000	false	true	34ed72 	 replication 9 	98	184,99999999999378	1036	13	7
100	5	5	5	0	3000	1000	false	true	34ed72 	 replication 10 	75	180,69999999999402	986	10	6
