50	10	10	10	0	3000	1000	true	true	1218b25 	 replication 0 	44	119,79999999999747	768	8	1
50	10	10	10	0	3000	1000	true	true	1218b25 	 replication 1 	50	116,79999999999764	742	8	0
50	10	10	10	0	3000	1000	true	true	1218b25 	 replication 2 	22	106,49999999999822	584	2	1
50	10	10	10	0	3000	1000	true	true	1218b25 	 replication 3 	66	115,49999999999771	613	4	4
50	10	10	10	0	3000	1000	true	true	1218b25 	 replication 4 	68	115,7999999999977	639	4	0
50	10	10	10	0	3000	1000	true	true	1218b25 	 replication 5 	33	127,999999999997	500	5	2
50	10	10	10	0	3000	1000	true	true	1218b25 	 replication 6 	11	105,59999999999827	537	1	0
50	10	10	10	0	3000	1000	true	true	1218b25 	 replication 7 	99	118,89999999999752	695	5	1
50	10	10	10	0	3000	1000	true	true	1218b25 	 replication 8 	88	101,39999999999851	545	3	0
50	10	10	10	0	3000	1000	true	true	1218b25 	 replication 9 	98	126,09999999999711	783	6	1
50	10	10	10	0	3000	1000	true	true	1218b25 	 replication 10 	75	115,89999999999769	595	7	1
