100	10	10	5	0	3000	1000	true	false	13c0781 	 replication 0 	44	131,7999999999968	715	20	9
100	10	10	5	0	3000	1000	true	false	13c0781 	 replication 1 	50	105,39999999999829	484	11	0
100	10	10	5	0	3000	1000	true	false	13c0781 	 replication 2 	22	108,09999999999813	482	7	1
100	10	10	5	0	3000	1000	true	false	13c0781 	 replication 3 	66	105,29999999999829	467	4	1
100	10	10	5	0	3000	1000	true	false	13c0781 	 replication 4 	68	113,59999999999782	580	15	1
100	10	10	5	0	3000	1000	true	false	13c0781 	 replication 5 	33	113,9999999999978	492	9	2
100	10	10	5	0	3000	1000	true	false	13c0781 	 replication 6 	11	106,49999999999822	496	9	1
100	10	10	5	0	3000	1000	true	false	13c0781 	 replication 7 	99	118,59999999999754	531	16	9
100	10	10	5	0	3000	1000	true	false	13c0781 	 replication 8 	88	109,99999999999802	538	12	0
100	10	10	5	0	3000	1000	true	false	13c0781 	 replication 9 	98	110,69999999999798	534	12	1
100	10	10	5	0	3000	1000	true	false	13c0781 	 replication 10 	75	111,69999999999793	560	15	0