50	5	5	10	0	3000	1000	false	true	18f89c9 	 replication 0 	44	175,49999999999432	1147	8	5
50	5	5	10	0	3000	1000	false	true	18f89c9 	 replication 1 	50	191,6999999999934	1289	8	7
50	5	5	10	0	3000	1000	false	true	18f89c9 	 replication 2 	22	126,89999999999706	752	1	1
50	5	5	10	0	3000	1000	false	true	18f89c9 	 replication 3 	66	181,49999999999397	1195	6	4
50	5	5	10	0	3000	1000	false	true	18f89c9 	 replication 4 	68	185,09999999999377	1011	7	6
50	5	5	10	0	3000	1000	false	true	18f89c9 	 replication 5 	33	159,6999999999952	938	6	3
50	5	5	10	0	3000	1000	false	true	18f89c9 	 replication 6 	11	123,19999999999727	727	1	1
50	5	5	10	0	3000	1000	false	true	18f89c9 	 replication 7 	99	126,89999999999706	684	4	1
50	5	5	10	0	3000	1000	false	true	18f89c9 	 replication 8 	88	114,99999999999774	467	3	0
50	5	5	10	0	3000	1000	false	true	18f89c9 	 replication 9 	98	162,09999999999508	959	6	3
50	5	5	10	0	3000	1000	false	true	18f89c9 	 replication 10 	75	121,79999999999735	549	4	1
