50	10	10	5	0	3000	1000	false	false	1cb8654 	 replication 0 	44	111,09999999999796	582	8	1
50	10	10	5	0	3000	1000	false	false	1cb8654 	 replication 1 	50	113,69999999999781	640	8	0
50	10	10	5	0	3000	1000	false	false	1cb8654 	 replication 2 	22	99,69999999999861	440	2	0
50	10	10	5	0	3000	1000	false	false	1cb8654 	 replication 3 	66	104,69999999999833	476	6	0
50	10	10	5	0	3000	1000	false	false	1cb8654 	 replication 4 	68	95,79999999999883	398	7	0
50	10	10	5	0	3000	1000	false	false	1cb8654 	 replication 5 	33	97,19999999999875	415	6	1
50	10	10	5	0	3000	1000	false	false	1cb8654 	 replication 6 	11	103,3999999999984	447	7	1
50	10	10	5	0	3000	1000	false	false	1cb8654 	 replication 7 	99	100,19999999999858	468	6	0
50	10	10	5	0	3000	1000	false	false	1cb8654 	 replication 8 	88	99,19999999999864	430	3	0
50	10	10	5	0	3000	1000	false	false	1cb8654 	 replication 9 	98	103,09999999999842	433	4	0
50	10	10	5	0	3000	1000	false	false	1cb8654 	 replication 10 	75	102,29999999999846	429	4	0

