50	10	10	10	0	3000	1000	true	false	1bb55d3 	 replication 0 	44	100,89999999999854	526	8	1
50	10	10	10	0	3000	1000	true	false	1bb55d3 	 replication 1 	50	94,39999999999891	553	8	0
50	10	10	10	0	3000	1000	true	false	1bb55d3 	 replication 2 	22	97,59999999999873	472	2	0
50	10	10	10	0	3000	1000	true	false	1bb55d3 	 replication 3 	66	100,09999999999859	563	4	0
50	10	10	10	0	3000	1000	true	false	1bb55d3 	 replication 4 	68	105,59999999999827	585	2	0
50	10	10	10	0	3000	1000	true	false	1bb55d3 	 replication 5 	33	98,99999999999865	554	6	0
50	10	10	10	0	3000	1000	true	false	1bb55d3 	 replication 6 	11	98,59999999999867	535	1	0
50	10	10	10	0	3000	1000	true	false	1bb55d3 	 replication 7 	99	96,2999999999988	573	4	0
50	10	10	10	0	3000	1000	true	false	1bb55d3 	 replication 8 	88	98,1999999999987	534	3	0
50	10	10	10	0	3000	1000	true	false	1bb55d3 	 replication 9 	98	101,09999999999853	561	4	1
50	10	10	10	0	3000	1000	true	false	1bb55d3 	 replication 10 	75	99,19999999999864	547	4	0
