50	10	10	5	0	3000	1000	true	false	654dec 	 replication 0 	44	96,49999999999879	447	3	3
50	10	10	5	0	3000	1000	true	false	654dec 	 replication 1 	50	101,99999999999848	487	8	3
50	10	10	5	0	3000	1000	true	false	654dec 	 replication 2 	22	104,29999999999835	413	2	0
50	10	10	5	0	3000	1000	true	false	654dec 	 replication 3 	66	106,69999999999821	487	6	0
50	10	10	5	0	3000	1000	true	false	654dec 	 replication 4 	68	111,39999999999795	505	7	2
50	10	10	5	0	3000	1000	true	false	654dec 	 replication 5 	33	102,29999999999846	432	3	1
50	10	10	5	0	3000	1000	true	false	654dec 	 replication 6 	11	102,09999999999847	428	1	0
50	10	10	5	0	3000	1000	true	false	654dec 	 replication 7 	99	132,09999999999678	573	6	4
50	10	10	5	0	3000	1000	true	false	654dec 	 replication 8 	88	100,09999999999859	465	1	0
50	10	10	5	0	3000	1000	true	false	654dec 	 replication 9 	98	103,79999999999838	432	6	1
50	10	10	5	0	3000	1000	true	false	654dec 	 replication 10 	75	119,89999999999746	485	7	3
