50	10	10	5	0	3000	1000	false	true	1a4033b 	 replication 0 	44	108,6999999999981	570	3	1
50	10	10	5	0	3000	1000	false	true	1a4033b 	 replication 1 	50	130,1999999999969	693	4	1
50	10	10	5	0	3000	1000	false	true	1a4033b 	 replication 2 	22	98,0999999999987	422	2	1
50	10	10	5	0	3000	1000	false	true	1a4033b 	 replication 3 	66	185,89999999999372	1204	6	3
50	10	10	5	0	3000	1000	false	true	1a4033b 	 replication 4 	68	163,19999999999501	911	7	3
50	10	10	5	0	3000	1000	false	true	1a4033b 	 replication 5 	33	144,0999999999961	950	6	2
50	10	10	5	0	3000	1000	false	true	1a4033b 	 replication 6 	11	146,89999999999594	941	7	2
50	10	10	5	0	3000	1000	false	true	1a4033b 	 replication 7 	99	170,19999999999462	1308	6	3
50	10	10	5	0	3000	1000	false	true	1a4033b 	 replication 8 	88	132,89999999999674	799	7	1
50	10	10	5	0	3000	1000	false	true	1a4033b 	 replication 9 	98	129,19999999999695	696	6	2
50	10	10	5	0	3000	1000	false	true	1a4033b 	 replication 10 	75	133,89999999999668	812	4	1

