50	10	10	5	0	3000	1000	true	true	b5df86 	 replication 0 	44	112,79999999999787	524	8	1
50	10	10	5	0	3000	1000	true	true	b5df86 	 replication 1 	50	129,59999999999692	709	8	4
50	10	10	5	0	3000	1000	true	true	b5df86 	 replication 2 	22	101,49999999999851	359	1	0
50	10	10	5	0	3000	1000	true	true	b5df86 	 replication 3 	66	127,59999999999702	639	6	0
50	10	10	5	0	3000	1000	true	true	b5df86 	 replication 4 	68	131,39999999999682	672	8	2
50	10	10	5	0	3000	1000	true	true	b5df86 	 replication 5 	33	117,99999999999757	543	4	1
50	10	10	5	0	3000	1000	true	true	b5df86 	 replication 6 	11	104,59999999999833	509	1	0
50	10	10	5	0	3000	1000	true	true	b5df86 	 replication 7 	99	114,59999999999776	550	6	0
50	10	10	5	0	3000	1000	true	true	b5df86 	 replication 8 	88	105,49999999999828	466	1	0
50	10	10	5	0	3000	1000	true	true	b5df86 	 replication 9 	98	119,79999999999747	576	4	1
50	10	10	5	0	3000	1000	true	true	b5df86 	 replication 10 	75	115,39999999999772	557	7	1

