100	5	5	10	0	3000	1000	true	false	b42a7e 	 replication 0 	44	163,09999999999502	938	20	14
100	5	5	10	0	3000	1000	true	false	b42a7e 	 replication 1 	50	132,09999999999678	624	11	8
100	5	5	10	0	3000	1000	true	false	b42a7e 	 replication 2 	22	149,1999999999958	772	7	7
100	5	5	10	0	3000	1000	true	false	b42a7e 	 replication 3 	66	124,29999999999721	655	5	4
100	5	5	10	0	3000	1000	true	false	b42a7e 	 replication 4 	68	159,19999999999524	812	16	14
100	5	5	10	0	3000	1000	true	false	b42a7e 	 replication 5 	33	125,79999999999713	634	9	4
100	5	5	10	0	3000	1000	true	false	b42a7e 	 replication 6 	11	145,899999999996	778	14	7
100	5	5	10	0	3000	1000	true	false	b42a7e 	 replication 7 	99	130,59999999999687	666	9	8
100	5	5	10	0	3000	1000	true	false	b42a7e 	 replication 8 	88	129,59999999999692	588	8	4
100	5	5	10	0	3000	1000	true	false	b42a7e 	 replication 9 	98	134,09999999999667	685	12	9
100	5	5	10	0	3000	1000	true	false	b42a7e 	 replication 10 	75	151,99999999999565	792	15	8